image_width: 640
image_height: 480
camera_name: narrow_stereo
camera_matrix:
  rows: 3
  cols: 3
  data: [679.06871,   0.     , 331.0719 ,
           0.     , 681.46081, 244.11746,
           0.     ,   0.     ,   1.     ]
distortion_model: plumb_bob
distortion_coefficients:
  rows: 1
  cols: 5
  data: [0.041511, -0.135081, 0.002229, 0.001117, 0.000000]
rectification_matrix:
  rows: 3
  cols: 3
  data: [1., 0., 0.,
         0., 1., 0.,
         0., 0., 1.]
projection_matrix:
  rows: 3
  cols: 4
  data: [679.81445,   0.     , 331.16923,   0.     ,
           0.     , 682.45007, 244.24562,   0.     ,
           0.     ,   0.     ,   1.     ,   0.     ]
